13 0.351896 0.686867 0.353099 0.694915 0.361753 0.688802 0.360607 0.681773
13 0.321994 0.686023 0.320986 0.693756 0.329109 0.699324 0.330046 0.690803
2 0.835305 0.622627 0.834941 0.630685 0.841029 0.635553 0.841462 0.627074
2 0.85929 0.634643 0.859416 0.64529 0.873222 0.644729 0.873033 0.634307
8 0.834214 0.517587 0.832578 0.525242 0.842567 0.533203 0.843945 0.524859
8 0.862197 0.454947 0.865919 0.461133 0.873706 0.45141 0.870059 0.446695
7 0.849107 0.450661 0.846141 0.455054 0.851882 0.462397 0.854771 0.457345
14 0.508 0.361961 0.506752 0.369851 0.515489 0.374782 0.516598 0.366522
14 0.530328 0.377741 0.532131 0.384767 0.537055 0.377494 0.53546 0.370837
5 0.148717 0.623799 0.148654 0.631195 0.159749 0.63119 0.15956 0.623799
5 0.176911 0.625899 0.178807 0.63223 0.183929 0.624674 0.182078 0.618551
