10 0.123103 0.506859 0.123243 0.517814 0.14758 0.514561 0.146885 0.502809
4 0.623504 0.65278 0.625066 0.664042 0.636995 0.657617 0.635638 0.64696
13 0.440397 0.663385 0.439239 0.673682 0.451321 0.679183 0.452371 0.667969
8 0.954408 0.634754 0.955415 0.645941 0.980083 0.641466 0.979076 0.630577
4 0.591737 0.632878 0.589558 0.641972 0.598139 0.652022 0.600451 0.641719
10 0.0992703 0.471916 0.0973634 0.482764 0.103313 0.496461 0.105674 0.484176
4 0.306567 0.570988 0.305666 0.579248 0.31717 0.584463 0.318009 0.57592
4 0.341482 0.566684 0.342955 0.575239 0.350093 0.568904 0.348672 0.560867
13 0.480075 0.670261 0.481466 0.680966 0.489084 0.672571 0.488084 0.662888
8 0.94894 0.530531 0.951894 0.540441 0.975885 0.535171 0.972556 0.525432
2 0.446384 0.546359 0.445484 0.556843 0.456298 0.560948 0.457134 0.550063
2 0.483121 0.551635 0.484854 0.561991 0.494493 0.554347 0.492829 0.544115
