11 0.631167 0.775549 0.630983 0.789988 0.648242 0.78966 0.64815 0.775384
13 0.400196 0.574001 0.400637 0.586777 0.417025 0.584402 0.416586 0.571871
5 0.496425 0.515163 0.496286 0.526873 0.513216 0.527839 0.513282 0.515976
14 0.267225 0.593377 0.267225 0.606877 0.283976 0.60787 0.283976 0.594568
11 0.595306 0.746423 0.593477 0.757436 0.599139 0.767299 0.601081 0.755342
5 0.532483 0.529451 0.534424 0.539892 0.54009 0.529944 0.538308 0.520189
13 0.368793 0.551891 0.366471 0.561813 0.371305 0.572886 0.373788 0.561789
14 0.304027 0.582447 0.305692 0.592556 0.312071 0.58368 0.310684 0.574804
10 0.405879 0.41157 0.406489 0.42269 0.43044 0.416588 0.429982 0.405875
10 0.369241 0.408823 0.36664 0.419413 0.378541 0.432934 0.381086 0.421742
1 0.36113 0.864088 0.360397 0.876116 0.383572 0.888177 0.384411 0.875945
1 0.413922 0.888322 0.415711 0.90005 0.433803 0.88516 0.432226 0.873471
