10 0.350823 0.870754 0.348667 0.884522 0.365782 0.908054 0.367811 0.893203
13 0.482122 0.368687 0.481056 0.382314 0.497922 0.388899 0.499007 0.375491
2 0.572487 0.519694 0.572071 0.53323 0.589898 0.534115 0.5899 0.520077
4 0.772526 0.471205 0.7755 0.488358 0.79607 0.477057 0.793654 0.460277
14 0.635015 0.452761 0.637137 0.464083 0.647105 0.453418 0.645352 0.443573
4 0.389102 0.59437 0.38961 0.607545 0.407681 0.604477 0.407105 0.591708
4 0.357542 0.581769 0.356294 0.592617 0.36205 0.601123 0.363367 0.589658
2 0.620833 0.505293 0.623279 0.517279 0.627343 0.506167 0.625378 0.495466
13 0.531481 0.363553 0.533412 0.375239 0.54037 0.364113 0.538654 0.353572
8 0.756488 0.343826 0.761393 0.354291 0.784611 0.338013 0.779706 0.329873
7 0.74098 0.330376 0.736373 0.335133 0.740721 0.346899 0.745721 0.341133
