1 0.658291 0.734417 0.657384 0.748857 0.67924 0.757553 0.680143 0.743013
14 0.0632423 0.484576 0.0609265 0.497617 0.0729848 0.505258 0.0752771 0.491096
13 0.194764 0.659281 0.19344 0.673178 0.208065 0.676876 0.209011 0.662531
4 0.737697 0.98403 0.738627 0.999629 0.756323 0.998544 0.754982 0.982986
14 0.0976086 0.478614 0.0992728 0.490695 0.111547 0.483298 0.109744 0.471833
0 0.586479 0.894969 0.587467 0.909774 0.61171 0.900432 0.610757 0.886532
1 0.708826 0.731929 0.712505 0.746135 0.726293 0.731499 0.722456 0.718589
4 0.549017 0.574226 0.547931 0.58499 0.560517 0.590061 0.561547 0.578594
4 0.587197 0.570679 0.588801 0.581478 0.596825 0.574047 0.595277 0.563853
13 0.23824 0.654027 0.239699 0.665421 0.249639 0.657013 0.248327 0.646854
