10 0.232363 0.781846 0.233403 0.792152 0.25243 0.78211 0.251835 0.772069
10 0.199934 0.785082 0.197823 0.794959 0.211121 0.807666 0.21304 0.797386
8 0.582528 0.61325 0.583043 0.622725 0.601726 0.618039 0.601267 0.609073
14 0.360878 0.421373 0.361723 0.429895 0.371682 0.425285 0.37064 0.417286
6 0.57643 0.529534 0.577726 0.537127 0.596846 0.530399 0.59527 0.523838
2 0.62636 0.528157 0.626705 0.536118 0.638201 0.534587 0.637856 0.526773
5 0.66135 0.494228 0.662342 0.502228 0.670351 0.496804 0.669359 0.489346
4 0.468722 0.600107 0.469075 0.607897 0.479927 0.604603 0.479515 0.597179
4 0.445848 0.582801 0.444134 0.589932 0.448728 0.597753 0.450464 0.59006
14 0.336648 0.403988 0.335412 0.411258 0.343184 0.416702 0.344179 0.408837
