2 0.57646 0.630535 0.577115 0.640451 0.587179 0.63756 0.586677 0.627949
8 0.757248 0.708103 0.758171 0.718932 0.77757 0.714183 0.776465 0.703918
8 0.752568 0.622943 0.754411 0.631023 0.773713 0.625718 0.771486 0.618138
4 0.642053 0.688344 0.642326 0.696802 0.653457 0.694747 0.653208 0.686674
4 0.619399 0.671002 0.6175 0.676561 0.622424 0.686125 0.624456 0.680012
5 0.601418 0.611569 0.600416 0.616224 0.605207 0.624658 0.606211 0.619743
5 0.625211 0.630203 0.625283 0.6383 0.63546 0.637162 0.635353 0.629507
2 0.549525 0.622403 0.548787 0.630279 0.554763 0.637821 0.555524 0.629459
14 0.509188 0.475628 0.510575 0.484134 0.52063 0.47871 0.519381 0.470697
14 0.487704 0.456928 0.486834 0.464599 0.493251 0.470468 0.494107 0.46196
