10 0.22157 0.355971 0.22157 0.365898 0.244067 0.3671 0.243906 0.356513
11 0.343415 0.740898 0.343621 0.751725 0.357889 0.749286 0.357574 0.739088
14 0.627127 0.726757 0.625857 0.736302 0.636194 0.741061 0.637302 0.731052
2 0.461627 0.664948 0.461575 0.675264 0.474261 0.677767 0.474163 0.66697
13 0.154696 0.897814 0.153185 0.904974 0.164429 0.913029 0.165771 0.905272
10 0.259491 0.365634 0.262277 0.376066 0.266823 0.366406 0.264391 0.357393
4 0.275033 0.553352 0.275922 0.562976 0.287531 0.558345 0.286856 0.549303
4 0.249971 0.537942 0.248366 0.545527 0.253702 0.553885 0.255607 0.545666
2 0.49763 0.663785 0.499611 0.672665 0.504649 0.664398 0.503142 0.655825
11 0.316081 0.72484 0.312934 0.734767 0.319228 0.74668 0.322579 0.73585
14 0.659101 0.742081 0.661043 0.75182 0.669686 0.744182 0.667769 0.735794
13 0.192801 0.895072 0.195394 0.9047 0.206073 0.893987 0.203556 0.88558
