1 0.624339 0.534096 0.624423 0.543195 0.643218 0.542748 0.643386 0.533201
11 0.559672 0.552943 0.55942 0.561744 0.571587 0.561744 0.571771 0.552242
17 0.102 0.641778 0.101 0.654222 0.129 0.657778 0.128 0.645333
14 0.27649 0.635594 0.2766 0.645395 0.290025 0.644053 0.290193 0.634805
4 0.862 0.583111 0.861 0.592 0.875 0.595556 0.876 0.586667
17 0.100054 0.530581 0.0977884 0.53983 0.124806 0.542664 0.126783 0.53322
13 0.292329 0.549622 0.293876 0.559708 0.304415 0.552967 0.302816 0.543
13 0.26392 0.543253 0.263289 0.550487 0.270567 0.557313 0.271312 0.548246
5 0.709976 0.303085 0.708084 0.310292 0.716192 0.316297 0.717814 0.30885
5 0.736502 0.31733 0.736651 0.324465 0.743489 0.320501 0.743191 0.314424
