13 0.52653 0.673075 0.526057 0.684557 0.539623 0.686228 0.539985 0.674795
10 0.465643 0.354718 0.465829 0.364508 0.487327 0.362324 0.486959 0.352715
9 0.617485 0.914238 0.618196 0.928858 0.640329 0.919653 0.63972 0.905755
5 0.570207 0.708094 0.568914 0.719088 0.582129 0.728529 0.583516 0.716762
10 0.442421 0.325073 0.440651 0.333632 0.448286 0.343477 0.449916 0.334217
1 0.571345 0.770043 0.570721 0.780522 0.594931 0.787174 0.595476 0.77633
1 0.620894 0.776657 0.622038 0.787235 0.628431 0.777336 0.627378 0.767301
5 0.606205 0.704649 0.608061 0.716566 0.618246 0.71097 0.616302 0.700132
13 0.565145 0.660403 0.567103 0.67381 0.574044 0.668521 0.572061 0.65591
11 0.367363 0.535541 0.365421 0.544047 0.371107 0.551197 0.373188 0.541582
