10 0.257458 0.756263 0.258034 0.768715 0.279769 0.759255 0.27962 0.747018
10 0.224129 0.757342 0.220779 0.767865 0.233063 0.783351 0.236525 0.771439
13 0.427547 0.55615 0.427379 0.565846 0.4404 0.566172 0.440171 0.556409
8 0.650878 0.597347 0.651502 0.607949 0.672929 0.602032 0.672374 0.591923
14 0.539314 0.213207 0.538967 0.222945 0.550756 0.224425 0.551172 0.214686
2 0.545211 0.587353 0.546134 0.59851 0.557117 0.593424 0.556286 0.582594
8 0.644511 0.502525 0.64686 0.511475 0.668088 0.504166 0.665571 0.495962
2 0.513055 0.574042 0.510829 0.583556 0.518738 0.591134 0.52087 0.580609
4 0.458111 0.588819 0.456051 0.596282 0.462521 0.603489 0.464569 0.595569
14 0.565727 0.19922 0.567474 0.208882 0.571593 0.202372 0.570172 0.193723
