6 0.929799 0.563868 0.930871 0.568239 0.938813 0.563644 0.937679 0.559722
6 0.925485 0.519032 0.927067 0.522681 0.935527 0.517503 0.933723 0.514421
5 0.748258 0.61106 0.748842 0.616764 0.754613 0.613808 0.754105 0.60845
5 0.731975 0.608429 0.731362 0.613415 0.736287 0.617645 0.736865 0.61207
13 0.697426 0.664971 0.698496 0.669296 0.702878 0.665731 0.701677 0.661778
13 0.678313 0.663811 0.677873 0.668611 0.683667 0.67178 0.684003 0.66664
4 0.620912 0.598551 0.620888 0.602613 0.627507 0.6031 0.62749 0.598997
2 0.644302 0.588603 0.643615 0.594434 0.649412 0.599044 0.650031 0.592739
10 0.562362 0.568089 0.563424 0.574114 0.572689 0.569231 0.571595 0.563766
14 0.559439 0.509405 0.559427 0.51359 0.565367 0.513667 0.565187 0.509442
15 0.197801 0.788752 0.198718 0.794253 0.203474 0.789159 0.202557 0.783963
1 0.540065 0.814109 0.540422 0.819409 0.553242 0.817511 0.552847 0.812319
10 0.546602 0.568325 0.545901 0.573056 0.552655 0.581033 0.553422 0.575865
15 0.190483 0.697301 0.193013 0.700685 0.195222 0.693861 0.192961 0.690961
