10 0.257463 0.755671 0.258122 0.766334 0.282813 0.757215 0.281954 0.746437
8 0.652323 0.595078 0.65312 0.6066 0.6746 0.600932 0.673425 0.589745
13 0.411633 0.766585 0.411818 0.777742 0.42557 0.777578 0.425477 0.766256
14 0.3746 0.318214 0.374444 0.326735 0.387051 0.327291 0.387104 0.318678
5 0.72164 0.344019 0.72117 0.354209 0.73424 0.35435 0.734454 0.344155
10 0.223037 0.758384 0.221588 0.770709 0.236619 0.779199 0.237651 0.764825
8 0.645918 0.500246 0.64781 0.508894 0.669566 0.502408 0.666998 0.49448
4 0.524628 0.577885 0.52498 0.587697 0.536709 0.584375 0.536409 0.575311
4 0.499048 0.55992 0.49798 0.567025 0.502911 0.575418 0.504056 0.567687
2 0.486053 0.5187 0.485089 0.525397 0.490213 0.530467 0.491329 0.522877
14 0.40172 0.301426 0.403916 0.308712 0.407478 0.302222 0.405628 0.295327
